13
0 0 600 50 90000
10 15 20 5 6 10 15 20 5 6 10 15 10
0	7291	7959	8343	2981	6871	1358	6966	6903	3314	3305	3733	7697
7521	0	8492	10787	4033	1901	7358	3158	9347	11409	9036	6716	13633
7938	9292	0	17452	8531	7599	7247	8570	14545	11252	8247	10861	16672
8468	10915	16327	0	8374	11784	9826	8241	2332	5434	11772	6350	3243
2979	4033	8647	8414	0	4270	3438	2783	6974	6293	5878	3537	11260
6871	1901	6955	11822	4270	0	6708	4193	10232	10185	8386	7750	14518
1831	7358	7247	9860	3438	6708	0	8201	8421	5145	3171	4737	9004
6921	3158	8570	8134	2783	4193	7697	0	6695	8756	9643	4063	10980
7379	9826	15238	2342	7286	10861	8737	7153	0	5866	10684	5262	5188
3321	11414	11279	5447	6301	12385	4679	8740	5029	0	6626	5507	4795
3267	9345	8175	11313	5884	8695	2988	9654	9873	6581	0	6190	10964
4365	6836	12248	5144	4156	7871	4885	4163	3705	5805	6831	0	7991
7688	13756	16611	3239	11216	14791	9046	11083	5173	4796	10093	9192	0
0	1086	1233	1041	471	1016	276	917	836	481	486	480	1180
1130	0	1269	1598	656	289	1086	479	1393	1536	1319	959	2056
1192	1234	0	2515	1239	1131	1120	1319	2032	1673	1162	1661	2403
1109	1606	2455	0	1210	1782	1385	1233	400	846	1595	920	578
505	666	1330	1141	0	698	597	527	936	985	865	450	1598
1057	327	1107	1840	703	0	1013	721	1568	1537	1246	1200	2230
338	1090	1153	1363	589	978	0	1145	1158	818	451	788	1503
896	478	1327	1236	534	695	1098	0	1031	1174	1308	597	1693
853	1349	2198	398	954	1566	1129	976	0	836	1339	664	856
478	1514	1711	861	949	1849	754	1141	776	0	964	705	821
472	1363	1153	1516	858	1251	482	1298	1312	953	0	941	1652
607	999	1848	815	564	1216	870	626	610	916	1080	0	1272
1178	2067	2452	594	1671	2284	1454	1694	862	833	1647	1382	0


5
0 0 600 50 6
10 15 20 5 6
0 1 2 3 1
1 0 1 2 2
2 1 0 1 3
3 2 1 0 4
1 2 3 4 0
0 10 20 30 10
10 0 10 20 20
20 10 0 10 30
30 20 10 0 40
10 20 30 40 0




4
200 300 600 50 90
10 15 20 5
0	5365	9367	3832
4781	0	13309	4301
9614	14682	0	13446
3839	4076	13206	0
0	200	200	40
3	35	53	459
35	29	35	23
49	20	40	78