333
79.9467576	6.8445428
79.9717522	6.9000623
79.9410585	6.9049822
79.9134309	6.8888135
79.9747674	6.9194924
79.8561692	6.8867292
79.944071	6.8382446
79.8995936	6.89014
79.9506551	6.9057657
79.8585937	6.905612
79.861243	6.9270786
79.9927395	6.8732934
79.9011851	6.8672914
79.9019512	6.8845527
79.9395566	6.888901
79.9082071	6.8786373
79.9462189	6.9099746
79.902895	6.9000263
79.8913368	6.918652
79.9047227	6.8695218
79.9261226	6.9161017
79.924918	6.8905834
79.9154836	6.9022655
79.9281692	6.876698
79.9678657	6.8985573
79.8950238	6.9204921
79.9479658	6.8443459
79.8773953	6.9117051
79.9514464	6.8699681
79.8951499	6.9047631
79.9735205	6.9180602
79.8882131	6.9091053
79.9446302	6.8604633
79.9270108	6.901117
79.9730724	6.8966878
79.9514464	6.9123126
79.928806	6.8871353
79.8736687	6.8490071
79.9522789	6.8497111
79.8937672	6.9104328
79.9136962	6.9177343
79.9647881	6.8839346
79.9565452	6.8465426
79.8873565	6.9145356
79.941021	6.8381726
79.9490719	6.9128352
79.9586491	6.9054303
79.8959408	6.8846359
79.9780178	6.9194938
79.9626354	6.8860799
79.9514477	6.8691337
79.9082071	6.8786373
79.9170718	6.8807535
79.9053161	6.8749468
79.9063757	6.8844422
79.8532242	6.8966401
79.908053	6.8692495
79.9233376	6.914496
79.9392002	6.9078178
79.8554297	6.8955557
79.9446302	6.8604633
79.9317302	6.9168782
79.9370735	6.8767969
79.9581664	6.8435174
79.9710637	6.9137229
79.9235745	6.8496566
79.9192662	6.8678481
79.9455466	6.8795729
79.9475195	6.8802494
79.9737358	6.9073678
79.9863869	6.8661878
79.925791	6.8910012
79.9492092	6.8619604
79.9037444	6.8709333
79.9313567	6.908863
79.9654324	6.8411652
79.9780178	6.8559758
79.9369903	6.8797294
79.9455283	6.8606925
79.9208443	6.8767638
79.9056378	6.8889967
79.9525226	6.8663246
79.8902806	6.8689015
79.9208324	6.9165531
79.8954802	6.9005375
79.8952433	6.9059081
79.9041177	6.8642462
79.8902806	6.8689015
79.9916201	6.8468828
79.8908783	6.9243522
79.956793	6.904388
79.9654945	6.8802027
79.9003165	6.8838738
79.9150724	6.8665559
79.9019512	6.8845527
79.9544948	6.8491846
79.9290394	6.896981
79.9239597	6.8995749
79.9878053	6.8310547
79.9263362	6.8756501
79.9044776	6.8849595
79.9063757	6.8844422
79.9562793	6.869402
79.9417294	6.9091938
79.9475195	6.8802494
79.9630242	6.8569013
79.9453315	6.8665435
79.9160174	6.8791518
79.9222869	6.8979941
79.9134309	6.8888135
79.9737358	6.9073678
79.9452965	6.8647763
79.8919954	6.9108812
79.9047916	6.9144009
79.9501159	6.9006789
79.9433694	6.8565968
79.9455466	6.8795729
79.9100678	6.8693799
79.9928375	6.877345
79.9636482	6.9272413
79.956793	6.904388
79.8950238	6.9204921
79.9484346	6.8463993
79.944071	6.8382446
79.8786273	6.9380045
79.9225634	6.8949107
79.9970966	6.8474433
79.924918	6.8905834
79.9939328	6.8382849
79.9150724	6.9062472
79.9475195	6.8802494
79.8902806	6.8689015
79.8903651	6.8583191
79.9066763	6.9113627
79.9212911	6.8762538
79.9475999	6.8867552
79.9696277	6.8743192
79.9501159	6.9006789
79.8769991	6.9093453
79.9767117	6.8395786
79.8795791	6.9131631
79.9301344	6.8772447
79.951166	6.8772404
79.9612576	6.8993325
79.912383	6.88284
79.8895282	6.8934861
79.9057806	6.8692266
79.940912	6.9004079
79.9085825	6.8711646
79.9697447	6.9163104
79.9524685	6.9127571
79.9695742	6.9031666
79.9455283	6.8606925
79.9595869	6.880506
79.9350223	6.9092808
79.9118862	6.8692875
79.9150724	6.9141883
79.9696277	6.8743192
79.9745035	6.9116088
79.8808464	6.9129722
79.944071	6.8382446
79.9038774	6.8689647
79.9775091	6.9133567
79.9052768	6.8914832
79.9118862	6.8692875
79.9552168	6.8709904
79.9405061	6.8786172
79.8889658	6.8986824
79.9137721	6.8886215
79.8888149	6.8695363
79.9429291	6.8514221
79.9014713	6.8926514
79.8961905	6.9056112
79.9234678	6.8693785
79.9514464	6.9123126
79.9066763	6.9113627
79.8930178	6.9120893
79.9109781	6.88413
79.924918	6.8905834
79.9052768	6.8914832
79.9400587	6.9131886
79.9497907	6.8684859
79.9823061	6.9074712
79.9218113	6.9065079
79.9446302	6.8604633
79.9496497	6.8368364
79.9763391	6.8680236
79.8930178	6.9120893
79.8723001	6.924976
79.9192702	6.8822478
79.8805137	6.8856918
79.9476842	6.8574971
79.8873565	6.9145356
79.9610523	6.8376496
79.9643353	6.8925906
79.8889658	6.8986824
79.9061341	6.8850965
79.9657934	6.8979067
79.9088097	6.892845
79.9082071	6.8786373
79.8762473	6.9077417
79.9687705	6.9086004
79.8723579	6.9044794
79.9084817	6.9091336
79.9737423	6.9172539
79.9317302	6.9168782
79.9057806	6.8692266
79.9374363	6.8332944
79.9057556	6.8726287
79.9522953	6.8809824
79.9468485	6.8450402
79.9790412	6.9120852
79.9487877	6.866164
79.9097824	6.869407
79.9389227	6.9117371
79.9150724	6.8665559
79.9387843	6.8862799
79.8805137	6.8856918
79.8986245	6.9051869
79.9331963	6.8307049
79.9435138	6.8664339
79.9008074	6.8792756
79.8974601	6.9056575
79.9455466	6.8795729
79.9490435	6.9095109
79.9194189	6.8646667
79.9751634	6.8520817
79.8774066	6.9012314
79.9581664	6.8435174
79.886509	6.8819489
79.9766195	6.8387546
79.9394225	6.8947709
79.9512139	6.846609
79.9612576	6.8993325
79.9052768	6.8808992
79.9526228	6.9162617
79.923998	6.9070971
79.894914	6.879734
79.9662669	6.9087422
79.9433694	6.8565968
79.9047227	6.8695218
79.9300697	6.8916163
79.932618	6.8479399
79.9197368	6.8791133
79.9052768	6.8808992
79.8828828	6.9121796
79.9766195	6.8387546
79.9212911	6.8762538
79.9961936	6.9344434
79.9417713	6.8579582
79.8890945	6.9158371
79.9107704	6.8858725
79.9696277	6.8743192
79.9433694	6.8565968
79.9251132	6.9052125
79.9160174	6.8791518
79.972421	6.8606
79.8973483	6.8672099
79.9596273	6.8382062
79.9093477	6.8785535
79.944071	6.8382446
79.9579543	6.8702393
79.9999849	6.8302816
79.9192662	6.8678481
79.9731665	6.8996771
79.9677494	6.905272
79.8786273	6.9380045
79.9277249	6.9099576
79.882114	6.9285493
79.8942538	6.9094108
79.90878	6.8969877
79.9109781	6.88413
79.9626641	6.9153099
79.9052768	6.8914832
79.8930178	6.9120893
79.9794097	6.849112
79.9531952	6.8833367
79.8872419	6.8978839
79.8947861	6.9056358
79.9018798	6.8738241
79.9635696	6.8304435
79.9037207	6.8833911
79.9286027	6.9041242
79.8930178	6.9120893
79.8893348	6.8963752
79.9806592	6.9125665
79.9208324	6.9165531
79.9431184	6.8923897
79.8941257	6.8697819
79.9192662	6.8678481
79.8997663	6.8730937
79.939317	6.8958937
79.9090871	6.8914991
79.944071	6.8382446
79.9776114	6.9172994
79.9710637	6.9137229
79.8804958	6.9321002
79.944071	6.8382446
79.9859635	6.847507
79.9433926	6.8737011
79.9218113	6.9065079
79.9701764	6.8925583
79.882276	6.9228733
79.9468979	6.8708905
79.9717522	6.9000623
79.8942538	6.9094108
79.9218527	6.8701544
79.9286027	6.9041242
79.9141536	6.8700991
79.9086714	6.8973803
79.9729568	6.8384751
79.9011659	6.8918095
79.9150724	6.9062472
79.9458911	6.8442161
79.9446302	6.8604633
79.9082071	6.8786373
79.9842403	6.8576836
79.9455527	6.8881582
79.9222869	6.8979941
79.9925333	6.8418356
79.9433926	6.8737011
79.9475195	6.8802494
79.9454259	6.8517
79.9114152	6.8706645
79.9088097	6.892845
79.9360191	6.8410012
79.949696	6.8804125
79.9525946	6.9160752
79.8871277	6.9065768
79.898721	6.8714063
79.857596	6.8962237
79.9017254	6.9051931
79.944071	6.8382446
	
